(3, 253, 2):304
(32, 223, 24):53
(9, 241, 4):43
(21, 232, 15):51
(24, 225, 15):38
(239, 239, 234):1
(18, 224, 9):95
(11, 242, 8):60
(8, 241, 4):42
(38, 218, 24):287
(28, 223, 17):48
(32, 231, 24):40
(41, 231, 30):56
(248, 5, 3):1
(21, 241, 14):54
(239, 238, 235):1
(21, 19, 243):2
(23, 234, 17):144
(39, 218, 26):54
(11, 241, 6):77
(241, 241, 239):2
(25, 229, 21):105
(18, 232, 12):32
(31, 214, 18):42
(21, 229, 12):41
(247, 7, 5):1
(29, 29, 210):1
(39, 218, 30):58
(37, 218, 27):56
(26, 232, 17):182
(35, 215, 22):45
(30, 232, 19):187
(19, 236, 13):159
(251, 4, 3):1
(37, 223, 26):47
(11, 232, 4):31
(36, 225, 22):188
(25, 234, 15):38
(17, 227, 9):32
(8, 249, 4):143
(10, 241, 5):55
(39, 220, 26):50
(10, 238, 6):42
(32, 211, 18):38
(235, 234, 228):2
(254, 1, 0):1
(10, 244, 8):60
(2, 248, 2):86
(39, 220, 24):49
(25, 24, 230):1
(22, 228, 17):77
(14, 229, 7):31
(21, 20, 234):1
(11, 239, 6):34
(16, 236, 10):185
(31, 213, 15):45
(21, 238, 15):89
(29, 221, 15):80
(1, 254, 0):111
(25, 240, 17):105
(40, 218, 33):55
(15, 241, 8):50
(5, 251, 2):45
(15, 239, 9):47
(34, 217, 24):146
(32, 225, 20):84
(29, 212, 16):50
(30, 228, 20):48
(27, 218, 15):51
(19, 223, 9):101
(19, 238, 12):55
(19, 19, 232):1
(228, 228, 223):2
(27, 236, 19):90
(8, 239, 6):115
(21, 230, 12):43
(14, 238, 8):148
(246, 246, 243):2
(29, 235, 21):131
(16, 240, 10):275
(27, 27, 236):1
(19, 228, 10):49
(31, 229, 19):46
(10, 242, 9):55
(242, 241, 239):3
(236, 13, 8):1
(251, 5, 4):1
(23, 23, 228):1
(32, 32, 211):1
(10, 246, 6):102
(26, 218, 14):36
(11, 245, 8):32
(23, 234, 14):48
(18, 239, 11):91
(36, 220, 21):90
(1, 255, 0):155
(251, 251, 251):4
(21, 234, 13):202
(27, 228, 20):58
(8, 8, 244):1
(246, 245, 245):1
(17, 241, 11):80
(33, 227, 23):47
(1, 1, 254):2
(28, 226, 19):90
(28, 221, 19):64
(41, 222, 26):50
(21, 232, 11):46
(255, 255, 0):65041352
(37, 226, 26):47
(34, 232, 22):91
(34, 236, 23):48
(19, 230, 9):40
(19, 231, 15):69
(14, 247, 10):38
(6, 243, 4):45
(248, 247, 247):1
(12, 243, 6):47
(29, 236, 20):57
(26, 232, 21):50
(246, 8, 4):1
(18, 18, 240):2
(247, 246, 243):2
(9, 244, 6):57
(4, 249, 2):1019
(10, 245, 8):331
(19, 234, 11):231
(25, 219, 15):40
(44, 226, 30):39
(236, 236, 15):1
(37, 218, 28):52
(13, 236, 7):44
(10, 243, 7):39
(17, 230, 13):68
(13, 240, 10):61
(218, 218, 214):2
(30, 221, 17):39
(23, 236, 14):90
(14, 242, 10):40
(15, 238, 11):142
(13, 13, 236):1
(41, 222, 27):52
(4, 245, 2):124
(16, 234, 8):33
(29, 223, 17):99
(32, 220, 23):50
(13, 243, 8):97
(15, 15, 234):1
(14, 245, 9):36
(16, 231, 8):42
(24, 214, 13):102
(14, 239, 8):90
(25, 230, 17):44
(24, 228, 17):102
(33, 227, 21):49
(250, 3, 1):1
(36, 231, 24):98
(21, 236, 17):52
(21, 237, 12):42
(230, 228, 221):1
(24, 230, 14):50
(0, 0, 253):6
(11, 232, 5):65
(33, 221, 22):45
(27, 239, 19):48
(8, 249, 5):96
(22, 219, 11):45
(10, 238, 5):50
(23, 229, 14):52
(16, 245, 12):48
(12, 245, 6):53
(10, 243, 6):35
(254, 1, 1):2
(255, 0, 0):48453333
(25, 23, 222):1
(30, 223, 21):59
(18, 242, 12):101
(17, 238, 10):138
(17, 221, 9):53
(16, 236, 9):96
(22, 234, 14):146
(251, 5, 3):1
(10, 239, 6):56
(15, 15, 223):1
(18, 240, 13):41
(41, 221, 26):88
(6, 247, 2):169
(15, 239, 8):76
(30, 216, 17):99
(32, 221, 19):43
(246, 13, 10):1
(13, 244, 9):33
(30, 222, 26):41
(14, 244, 10):53
(11, 234, 4):63
(21, 230, 13):39
(35, 225, 20):45
(12, 236, 6):45
(32, 223, 22):59
(16, 240, 9):94
(12, 234, 6):46
(33, 216, 24):55
(30, 225, 19):94
(4, 250, 2):38
(28, 219, 16):47
(10, 242, 8):132
(6, 251, 2):44
(24, 230, 15):53
(23, 228, 15):45
(247, 247, 245):2
(243, 241, 236):1
(30, 221, 20):52
(225, 223, 219):1
(26, 218, 13):47
(231, 229, 218):1
(23, 234, 15):230
(21, 215, 15):42
(13, 239, 10):51
(10, 10, 242):1
(25, 234, 16):50
(21, 234, 14):164
(27, 228, 21):55
(37, 220, 26):42
(26, 223, 13):45
(14, 238, 7):47
(17, 241, 10):45
(30, 218, 15):139
(16, 241, 13):57
(218, 217, 211):1
(13, 242, 8):46
(14, 230, 6):40
(221, 221, 216):1
(18, 243, 12):38
(24, 221, 11):46
(31, 30, 210):1
(23, 241, 16):48
(21, 238, 16):46
(48, 231, 35):58
(225, 222, 217):1
(11, 238, 6):48
(19, 239, 14):42
(12, 239, 8):41
(43, 225, 31):67
(11, 235, 7):55
(12, 243, 7):150
(28, 214, 14):41
(25, 227, 17):41
(253, 253, 253):5
(21, 214, 8):39
(21, 232, 14):47
(4, 4, 251):9
(10, 245, 9):130
(45, 229, 32):65
(30, 218, 23):49
(9, 241, 6):51
(21, 232, 13):102
(234, 234, 225):2
(40, 229, 28):97
(26, 229, 16):107
(16, 243, 10):53
(25, 208, 14):44
(19, 243, 13):48
(236, 234, 230):1
(0, 0, 255):150393007
(23, 236, 15):98
(33, 218, 18):53
(37, 221, 25):118
(27, 25, 232):1
(39, 218, 24):45
(28, 235, 19):85
(218, 216, 209):1
(17, 242, 11):49
(28, 225, 19):48
(14, 239, 9):117
(45, 226, 32):138
(253, 253, 251):1
(27, 242, 21):61
(23, 221, 13):52
(23, 230, 16):49
(2, 253, 2):3765
(128, 128, 128):436571
(11, 242, 6):52
(37, 223, 24):96
(23, 243, 15):41
(32, 221, 20):177
(8, 249, 6):474
(15, 242, 10):142
(10, 238, 4):46
(23, 229, 13):93
(37, 37, 218):1
(19, 235, 11):39
(25, 233, 16):40
(15, 230, 8):45
(23, 212, 13):57
(5, 248, 2):49
(30, 230, 17):36
(243, 243, 238):1
(10, 249, 6):49
(13, 237, 7):52
(8, 246, 8):49
(17, 240, 14):93
(17, 231, 9):33
(23, 232, 13):100
(16, 242, 9):62
(13, 241, 8):48
(19, 240, 12):101
(28, 30, 216):2
(32, 230, 21):107
(6, 247, 3):99
(14, 237, 8):78
(21, 227, 11):43
(16, 16, 236):1
(25, 232, 16):42
(37, 222, 24):78
(37, 223, 32):63
(37, 216, 20):42
(28, 214, 17):31
(8, 8, 245):1
(11, 234, 5):45
(21, 230, 14):46
(22, 227, 13):60
(15, 244, 12):46
(10, 10, 241):1
(235, 236, 226):1
(31, 225, 21):64
(11, 11, 236):1
(23, 237, 15):152
(23, 230, 14):37
(245, 8, 6):1
(23, 23, 230):1
(247, 247, 244):1
(23, 230, 17):45
(19, 230, 15):64
(32, 220, 19):53
(30, 214, 20):47
(31, 228, 21):52
(16, 238, 9):49
(28, 223, 15):42
(3, 251, 2):220
(25, 234, 17):90
(4, 249, 4):135
(17, 239, 12):101
(28, 228, 17):33
(10, 245, 6):218
(6, 250, 4):51
(17, 224, 8):39
(29, 230, 17):49
(30, 225, 24):57
(21, 228, 13):46
(230, 230, 226):1
(38, 231, 27):53
(21, 21, 228):1
(13, 243, 10):55
(24, 223, 15):42
(21, 226, 12):47
(34, 222, 20):42
(11, 245, 6):226
(230, 228, 217):1
(236, 15, 9):1
(11, 248, 9):52
(12, 245, 8):302
(236, 20, 16):1
(36, 220, 27):44
(12, 11, 240):1
(29, 223, 23):49
(39, 229, 27):50
(250, 5, 4):1
(223, 223, 218):1
(26, 224, 17):38
(2, 255, 0):2279
(25, 219, 13):47
(44, 225, 35):44
(242, 10, 5):1
(14, 227, 8):48
(21, 232, 10):46
(19, 239, 11):46
(30, 28, 219):3
(8, 247, 8):51
(243, 6, 3):1
(16, 243, 11):41
(24, 225, 11):39
(39, 231, 27):48
(23, 236, 16):47
(33, 31, 212):2
(15, 238, 9):41
(33, 219, 21):50
(37, 221, 24):44
(19, 226, 10):45
(17, 242, 12):96
(16, 234, 10):35
(10, 239, 4):93
(31, 214, 17):101
(10, 242, 5):118
(17, 238, 12):108
(27, 228, 15):38
(214, 210, 202):1
(35, 218, 26):44
(0, 128, 0):39771489
(16, 226, 7):37
(31, 216, 24):54
(27, 212, 16):96
(25, 220, 15):56
(37, 218, 22):79
(6, 247, 4):871
(15, 237, 12):51
(28, 210, 15):44
(27, 24, 210):3
(15, 245, 10):139
(24, 225, 19):59
(12, 242, 7):46
(27, 238, 21):50
(39, 220, 29):57
(17, 228, 10):57
(4, 251, 3):161
(35, 223, 20):46
(12, 230, 7):32
(19, 235, 10):45
(13, 232, 7):45
(11, 11, 231):1
(237, 236, 234):2
(0, 0, 0):40
(10, 249, 7):53
(10, 242, 6):97
(23, 217, 15):49
(23, 232, 14):101
(25, 226, 15):43
(19, 240, 13):150
(17, 234, 13):48
(10, 10, 239):2
(12, 238, 6):42
(32, 235, 23):51
(15, 239, 10):46
(32, 225, 23):55
(10, 10, 243):1
(2, 2, 251):2
(235, 236, 20):1
(26, 228, 16):51
(16, 14, 233):2
(25, 236, 18):52
(9, 9, 243):1
(12, 246, 8):190
(24, 238, 21):100
(21, 230, 15):48
(35, 224, 22):54
(31, 221, 26):67
(28, 26, 222):1
(32, 223, 20):129
(239, 239, 232):1
(24, 221, 13):83
(6, 251, 4):521
(18, 236, 10):41
(19, 19, 238):1
(16, 239, 11):37
(26, 230, 16):54
(247, 247, 247):1
(8, 242, 4):204
(30, 221, 18):143
(12, 241, 6):55
(13, 245, 10):49
(40, 223, 26):50
(9, 246, 6):49
(13, 239, 8):133
(19, 232, 11):204
(15, 243, 10):128
(7, 247, 4):107
(37, 220, 24):99
(10, 241, 4):81
(19, 241, 16):48
(36, 227, 24):105
(17, 241, 12):34
(17, 224, 9):54
(31, 218, 22):94
(28, 221, 22):56
(30, 225, 25):63
(32, 229, 21):45
(22, 225, 13):38
(15, 246, 12):62
(239, 19, 14):1
(34, 211, 24):55
(22, 231, 12):140
(13, 245, 12):65
(33, 224, 22):52
(253, 3, 2):1
(17, 232, 10):181
(245, 245, 243):3
(28, 28, 216):1
(45, 225, 32):58
(29, 236, 21):111
(8, 235, 4):44
(43, 227, 26):54
(231, 14, 8):1
(15, 228, 8):53
(240, 14, 10):1
(4, 4, 249):2
(10, 243, 8):67
(25, 232, 17):189
(23, 233, 17):60
(37, 227, 26):100
(15, 235, 8):40
(30, 220, 17):39
(42, 228, 34):40
(4, 251, 4):448
(13, 236, 10):51
(244, 244, 242):1
(9, 230, 4):43
(225, 225, 220):2
(26, 230, 19):55
(46, 227, 35):48
(24, 218, 14):38
(23, 236, 17):82
(15, 240, 11):48
(216, 214, 205):1
(33, 219, 20):162
(4, 248, 2):131
(11, 246, 8):44
(33, 220, 24):43
(30, 229, 19):37
(23, 223, 13):44
(26, 225, 15):84
(30, 223, 24):58
(12, 247, 8):153
(14, 239, 11):48
(26, 228, 13):38
(23, 23, 232):1
(38, 230, 28):38
(246, 17, 12):1
(30, 236, 21):128
(2, 253, 0):763
(12, 12, 239):3
(17, 231, 10):52
(249, 249, 247):2
(25, 238, 16):49
(6, 246, 4):38
(12, 244, 6):32
(17, 233, 9):43
(8, 243, 4):152
(20, 244, 13):46
(24, 212, 13):86
(12, 232, 6):191
(9, 245, 6):46
(226, 224, 219):1
(25, 212, 13):48
(31, 225, 19):62
(42, 222, 28):48
(35, 32, 216):1
(17, 240, 12):39
(26, 228, 21):52
(23, 232, 15):51
(36, 235, 28):61
(14, 241, 11):63
(252, 2, 1):1
(24, 230, 19):54
(16, 16, 234):2
(241, 17, 13):1
(37, 222, 26):91
(0, 130, 0):13895858
(37, 222, 22):41
(16, 233, 12):57
(245, 245, 242):2
(6, 245, 4):48
(31, 216, 20):114
(255, 1, 0):3
(25, 236, 19):100
(17, 239, 10):80
(43, 229, 28):44
(28, 216, 13):88
(11, 246, 6):44
(39, 222, 29):60
(17, 16, 238):1
(32, 230, 24):41
(8, 247, 6):510
(41, 222, 32):67
(46, 225, 33):46
(15, 234, 8):52
(220, 220, 207):1
(6, 5, 249):1
(12, 239, 7):98
(9, 246, 7):52
(35, 220, 22):83
(19, 242, 13):42
(30, 228, 24):52
(12, 243, 10):45
(25, 234, 19):212
(26, 216, 15):36
(231, 230, 223):1
(13, 238, 8):84
(2, 249, 2):81
(16, 241, 10):53
(14, 240, 8):137
(28, 220, 17):27
(232, 232, 228):1
(32, 229, 22):45
(41, 220, 22):88
(23, 21, 233):1
(13, 247, 10):44
(33, 215, 26):55
(21, 241, 13):47
(236, 236, 12):1
(6, 249, 4):599
(18, 234, 14):53
(255, 255, 253):3
(12, 245, 10):55
(18, 229, 10):45
(241, 241, 234):2
(11, 223, 5):33
(39, 223, 30):46
(8, 8, 242):1
(15, 228, 9):54
(21, 243, 19):49
(11, 240, 6):39
(19, 234, 15):108
(224, 224, 220):2
(8, 241, 6):62
(235, 234, 226):1
(23, 241, 15):99
(39, 229, 28):39
(35, 215, 21):51
(32, 30, 212):1
(242, 242, 241):1
(240, 239, 237):1
(17, 237, 12):43
(21, 220, 13):53
(21, 235, 14):137
(10, 232, 5):32
(18, 210, 8):37
(18, 230, 10):44
(32, 32, 229):1
(14, 243, 9):74
(18, 232, 11):94
(39, 224, 35):51
(12, 247, 9):116
(27, 234, 19):83
(28, 214, 19):97
(35, 218, 24):48
(254, 2, 1):1
(2, 253, 1):137
(6, 247, 6):46
(235, 234, 19):1
(15, 241, 11):219
(21, 21, 226):1
(25, 238, 17):90
(34, 233, 22):80
(8, 243, 5):58
(36, 34, 214):1
(39, 220, 31):53
(25, 223, 13):50
(26, 234, 19):109
(32, 227, 24):37
(0, 255, 255):129362519
(8, 245, 4):316
(35, 225, 24):37
(39, 225, 30):52
(23, 238, 17):111
(16, 240, 13):102
(33, 218, 26):92
(39, 222, 26):91
(33, 216, 20):54
(28, 229, 17):49
(21, 223, 9):42
(255, 128, 0):13
(28, 209, 16):50
(23, 21, 230):1
(24, 23, 236):1
(28, 221, 15):139
(17, 236, 13):51
(21, 239, 15):51
(236, 236, 230):2
(30, 223, 19):47
(21, 236, 15):39
(32, 32, 220):1
(236, 20, 13):1
(26, 236, 17):89
(14, 232, 6):40
(10, 247, 6):154
(2, 251, 0):45
(15, 243, 12):43
(21, 230, 17):54
(10, 9, 246):1
(253, 2, 1):1
(27, 220, 15):59
(30, 32, 216):2
(247, 8, 4):1
(26, 225, 17):118
(24, 221, 15):56
(21, 235, 13):73
(11, 243, 6):80
(19, 237, 13):99
(237, 236, 230):1
(13, 14, 232):1
(243, 242, 240):1
(17, 234, 9):47
(27, 218, 17):63
(13, 235, 9):59
(36, 217, 29):50
(16, 238, 10):87
(34, 34, 208):1
(13, 239, 6):52
(19, 232, 13):92
(26, 216, 14):53
(250, 5, 3):1
(11, 10, 234):1
(23, 228, 14):53
(9, 9, 237):1
(10, 248, 6):46
(24, 22, 223):1
(10, 244, 6):37
(16, 241, 11):50
(31, 28, 217):3
(28, 221, 24):53
(28, 220, 16):225
(17, 239, 11):92
(18, 242, 16):49
(34, 229, 24):104
(10, 243, 4):49
(30, 232, 21):50
(32, 227, 21):47
(22, 227, 14):51
(43, 223, 29):70
(13, 238, 7):43
(37, 224, 26):51
(17, 232, 8):161
(31, 236, 22):48
(42, 223, 28):43
(2, 2, 253):6
(19, 241, 15):55
(44, 227, 33):52
(247, 246, 244):1
(14, 245, 10):88
(41, 226, 26):89
(11, 240, 7):44
(19, 234, 12):115
(30, 218, 19):95
(37, 227, 24):30
(31, 236, 25):38
(4, 251, 2):897
(28, 230, 19):105
(15, 240, 12):113
(9, 247, 7):40
(242, 242, 240):2
(13, 240, 7):49
(14, 232, 9):51
(31, 211, 18):54
(26, 230, 17):40
(12, 242, 8):45
(26, 219, 15):106
(12, 239, 6):85
(10, 241, 7):169
(21, 227, 13):133
(15, 238, 12):51
(8, 8, 247):1
(6, 249, 3):41
(30, 229, 17):53
(25, 218, 14):31
(42, 232, 30):45
(14, 243, 10):244
(31, 214, 20):84
(38, 233, 26):50
(35, 227, 24):55
(4, 247, 2):192
(22, 234, 17):75
(21, 238, 13):143
(4, 253, 2):1666
(30, 230, 21):52
(222, 218, 215):1
(15, 230, 9):136
(15, 241, 10):95
(19, 236, 11):33
(29, 232, 19):94
(8, 239, 4):147
(32, 232, 23):43
(29, 226, 19):47
(0, 255, 0):33002624
(9, 220, 3):39
(15, 14, 238):1
(236, 236, 233):2
(17, 228, 9):44
(20, 225, 13):43
(21, 230, 10):89
(8, 245, 5):76
(35, 225, 23):54
(11, 241, 8):56
(19, 235, 15):50
(34, 225, 26):46
(16, 240, 12):47
(17, 235, 13):64
(224, 223, 215):1
(19, 228, 8):35
(32, 218, 18):145
(16, 236, 12):104
(12, 237, 6):100
(15, 237, 10):118
(20, 217, 11):58
(12, 241, 9):58
(17, 236, 10):92
(25, 212, 15):39
(236, 236, 229):1
(14, 13, 239):1
(21, 236, 12):48
(39, 224, 33):58
(28, 216, 17):195
(10, 247, 7):139
(2, 251, 1):37
(6, 245, 2):132
(40, 37, 215):2
(238, 16, 11):1
(251, 251, 249):4
(25, 236, 17):113
(30, 30, 220):1
(10, 10, 245):3
(32, 223, 19):78
(28, 226, 17):48
(19, 225, 12):52
(239, 238, 236):1
(8, 246, 5):54
(8, 247, 4):427
(232, 234, 224):1
(18, 236, 15):53
(17, 229, 9):45
(31, 227, 22):63
(21, 232, 17):52
(19, 230, 11):44
(15, 225, 7):93
(37, 228, 24):42
(243, 241, 240):1
(6, 6, 245):1
(40, 229, 30):57
(6, 243, 2):61
(26, 220, 15):38
(12, 243, 8):105
(33, 210, 21):102
(21, 234, 11):37
(238, 237, 234):2
(224, 223, 218):2
(13, 238, 10):49
(19, 219, 8):34
(24, 205, 11):57
(14, 240, 10):104
(21, 217, 15):49
(14, 234, 7):91
(26, 28, 206):1
(11, 236, 8):43
(229, 228, 219):1
(16, 237, 12):46
(39, 230, 25):33
(0, 253, 0):4174
(35, 228, 23):53
(5, 250, 4):50
(239, 15, 13):1
(255, 255, 255):3840586
(17, 232, 9):82
(231, 231, 219):1
(241, 13, 10):1
(19, 241, 14):61
(30, 224, 23):53
(15, 15, 239):1
(19, 234, 13):48
(30, 229, 21):42
(230, 229, 223):1
(12, 235, 7):42
(29, 228, 21):59
(37, 218, 26):91
(31, 238, 23):44
(13, 236, 9):43
(31, 222, 24):40
(239, 12, 7):1
(9, 247, 6):155
(33, 221, 20):118
(19, 241, 12):41
(34, 227, 24):98
(250, 4, 3):1
(42, 41, 209):1
(26, 223, 15):41
(37, 221, 28):48
(132, 130, 132):1413690
(3, 250, 2):46
(23, 238, 15):140
(6, 4, 249):1
(32, 238, 23):92
(31, 225, 17):55
(37, 220, 21):54
(17, 240, 11):100
(10, 10, 232):1
(21, 238, 14):96
(29, 234, 25):45
(255, 254, 254):2
(30, 237, 21):56
(28, 222, 19):47
(16, 232, 8):49
(25, 228, 19):111
(26, 218, 23):51
(19, 239, 12):48
(21, 242, 14):32
(25, 238, 19):48
(26, 26, 214):5
(37, 223, 35):57
(17, 233, 10):38
(30, 228, 21):51
(235, 11, 6):1
(246, 5, 2):1
(13, 242, 10):99
(8, 245, 6):336
(30, 30, 219):1
(229, 229, 224):1
(8, 251, 6):47
(222, 222, 218):1
(29, 229, 22):55
(23, 237, 18):50
(226, 227, 8):1
(42, 223, 31):41
(15, 237, 9):44
(16, 227, 9):52
(20, 236, 13):54
(23, 225, 10):43
(13, 224, 6):43
(12, 241, 10):61
(11, 239, 8):50
(223, 223, 221):1
(236, 236, 228):1
(225, 222, 214):1
(248, 247, 245):1
(21, 236, 13):45
(26, 236, 19):35
(254, 0, 0):1
(10, 247, 8):248
(2, 251, 2):1514
(6, 245, 3):40
(5, 249, 4):60
(21, 234, 12):48
(22, 210, 11):48
(28, 228, 20):50
(33, 33, 207):1
(243, 243, 241):1
(30, 225, 21):43
(236, 235, 232):1
(32, 229, 25):48
(26, 221, 22):46
(8, 247, 5):114
(3, 3, 250):1
(23, 232, 18):44
(24, 216, 12):47
(248, 9, 7):1
(35, 214, 21):40
(13, 245, 8):108
(18, 234, 11):57
(34, 226, 24):50
(24, 226, 17):52
(7, 249, 4):87
(9, 239, 5):57
(27, 238, 19):108
(25, 222, 13):42
(28, 236, 21):56
(28, 218, 17):148
(25, 225, 20):53
